600 270 40
11770 11790 11780
20980 21040 20160
30010 30470 30230
41280 41650 41550
91390 91020 91360
120330 120900 120790
130030 130120 130040
160510 161240 160830
191480 191470 191550
221000 220940 220820
250830 251590 251070
281260 281320 280960
290370 290480 290980
340260 340240 340340
351240 351310 350530
381130 381150 381110
410870 410090 410230
440450 440810 440500
450140 450860 450890
500130 500010 500600
510960 510160 511140
540820 540080 541250
570160 570630 570010
600490 600180 600040
611250 610660 610310
660890 661000 661390
670530 670480 670590
701210 701420 700490
730800 730910 730110
760880 761040 760080
770710 770970 770250
820050 820950 821030
830340 830430 831210
880470 881010 881300
890200 891130 891370
920600 920700 921290
930950 930270 930210
980540 981390 980210
990840 990030 990980
