21890 20980 21040
1550 1900 2670
342190 342200 340260
690200 690870 692120
930950 932530 930270
631220 630390 630920
772050 772390 771920
602480 602160 600490
351240 352260 352110
11940 11850 11820
920600 922220 920700
221000 221940 222270
180220 180360 180340
960650 961580 962820
572500 571910 571800
560130 562860 561160
50220 50070 52720
782500 781350 782240
552090 551880 550470
191980 191480 191470
422250 420720 420380
370920 370580 371430
902930 902030 901410
590600 590960 590740
990840 990030 992820
890200 892250 892510
751030 751220 751450
720270 720450 721580
512820 510960 510160
911050 912650 912770
871910 872790 872380
801980 802590 800220
82930 82520 82060
62590 62170 61540
312790 311960 312800
761590 762430 762390
840590 842510 841600
701210 701420 700490
301910 301310 301160
101420 101690 100010
832720 830340 832240
811750 811780 811360
531940 531200 532160
822240 820050 820950
322230 322370 322380
522560 520120 520480
71020 70140 70020
882560 882100 882810
30010 30470 30230
170400 170140 170410
122030 122000 122710
622940 621260 621890
281380 281400 281260
450140 450860 450890
650990 651130 652230
861450 860820 860750
271060 272070 270010
462850 462800 463000
442340 441380 442330
671730 670530 672120
161490 160510 161240
231850 231350 231840
251790 251830 251800
130030 130120 130040
950230 950650 952080
402500 402190 401580
792930 791480 790800
732180 730800 731740
141060 141950 140840
942050 941200 940150
211450 212510 212800
111270 111350 111870
42750 42640 42150
291950 292840 292720
200140 200170 201270
472850 472420 472840
411660 410870 410090
982660 982010 982000
542410 541530 542760
152830 150370 152090
92100 91390 91020
680680 680840 680690
361400 361510 361780
970420 972990 970010
611250 610660 612890
660890 662580 661000
500130 500010 500600
381130 381150 381980
642690 641840 640980
580500 580750 581600
261520 262830 262550
482500 481380 482610
851610 852780 850460
242230 242630 242050
431900 430190 430700
742120 741900 741720
712410 711220 710220
490560 492000 491900
391320 392940 392730
